### 线程归属矩阵（工作区 W05-active 库 f0ebc3ef；W=池 worker 数，N=话题数，两侧各 2N 项）
W   N     调度线程调度项兼容线程兼容项 池worker 差值Δ兼容/2N
1   20    3       40      43        0         1         40      1.07    
1   100   3       200     203       0         1         200     1.01    
1   127   3       254     257       0         1         254     1.01    
1   128   4       256     260       0         1         256     1.02    
4   20    6       40      46        0         4         40      1.15    
4   100   6       200     206       0         4         200     1.03    
4   400   6       800     806       0         4         800     1.01    
4   508   6       1016    1022      0         4         1016    1.01    
