# warmup 扫描（每档 6 轮，每轮清池）  开始 04:31:15
warmup   轮  sent     failed   recv/s   s/(5-.1f)
0.5      1    2364     33       473      1391    
0.5      2    7312     0        1462     1462    
0.5      3    0        50       0        nan     
0.5      4    1115     42       223      1394    
0.5      5    0        50       0        nan     
0.5      6    0        50       0        nan     
1        1    321      48       64       1605    
1        2    1325     41       265      1472    
1        3    6987     0        1397     1397    
1        4    0        50       0        nan     
1        5    0        50       0        nan     
1        6    6892     0        1378     1378    
3        1    7147     0        1429     1429    
3        2    0        50       0        nan     
3        3    0        50       0        nan     
3        4    7255     0        1451     1451    
3        5    0        50       0        nan     
3        6    6874     3        1375     1463    
5        1    7141     0        1428     1428    
5        2    0        50       0        nan     
5        3    0        50       0        nan     
5        4    7036     1        1407     1436    
5        5    7186     0        1437     1437    
5        6    6990     0        1398     1398    
# 结束 04:37:38
