# t40 1MiB 档基线标定    开始 2026-09-30 04:18:34 +0800
# 机器: 32 核 | governor=powersave
# 命令: dzipc_perf_benchmark --cases=pubsub_shm --payloads=1048576 --duration=5 --pin=5,6
# 与 hotpath_gate.sh 门 1 完全同参（同 duration、同 pin、同 payload）

轮  轮前load1 轮后load1 rate_msg_s p50_us     p99_us  
1    2.11      2.31      1438       11960.17   30923.17
2    2.31      2.34      77         13046.06   28553.53
3    2.34      2.79      NA         NA         NA      
4    2.79      3.12      1006       11937.70   30224.23
5    3.12      3.19      1001       11959.22   30154.31
6    3.19      3.44      1436       12461.69   30624.23
7    3.44      3.53      NA         NA         NA      
8    3.53      3.77      NA         NA         NA      
9    3.77      3.73      1453       12142.07   30305.31
10   3.73      3.71      1473       12152.39   30303.23
11   3.71      4.00      1430       12346.09   31556.26
12   4.00      4.30      685        13067.67   31722.94
13   4.30      4.07      175        13001.49   31082.41
14   4.07      4.07      789        12574.37   31434.58
15   4.07      3.74      826        12021.58   30497.13
16   3.74      3.47      NA         NA         NA      
17   3.47      3.36      446        12133.35   31219.42
18   3.36      3.45      1413       12512.08   31175.73
19   3.45      3.69      1196       12106.14   31620.68
20   3.69      3.60      1445       12438.98   30356.42

# 结束 2026-09-30 04:22:37 +0800
