# t40 1MiB 档基线标定 v2（**每轮清池，与 hotpath_gate.sh 门 1 逐参一致**）
# 开始 2026-09-30 04:23:00 +0800  机器 32 核  governor=powersave

轮  轮前load1 轮后load1 rate_msg_s p50_us     p99_us   rc    
1    3.23      3.27      FAILED     NA         NA       2     
2    3.27      3.14      FAILED     NA         NA       2     
3    3.14      3.04      190        50         99       0     
4    3.04      3.43      822        50         99       0     
5    3.43      3.69      1411       50         99       0     
6    3.69      3.66      1372       50         99       0     
7    3.66      4.24      1441       50         99       0     
8    4.24      4.33      1269       50         99       0     
9    4.33      4.36      1438       50         99       0     
10   4.36      4.58      1431       50         99       0     
11   4.58      4.97      FAILED     NA         NA       2     
12   4.97      4.83      152        50         99       0     
13   4.83      4.62      1428       50         99       0     
14   4.62      4.67      928        50         99       0     
15   4.67      4.45      286        50         99       0     
16   4.45      4.54      1169       50         99       0     
17   4.54      4.20      1436       50         99       0     
18   4.20      4.10      1439       50         99       0     
19   4.10      4.25      218        50         99       0     
20   4.25      3.89      FAILED     NA         NA       2     
21   3.89      3.92      1421       50         99       0     
22   3.92      3.94      1418       50         99       0     
23   3.94      3.80      1451       50         99       0     
24   3.80      3.62      1415       50         99       0     
25   3.62      3.53      108        50         99       0     
26   3.53      3.44      355        50         99       0     
27   3.44      4.00      1459       50         99       0     
28   4.00      4.08      431        50         99       2     
29   4.08      3.85      1402       50         99       2     
30   3.85      3.71      259        50         99       0     

# 结束 2026-09-30 04:29:04 +0800
